1000 
619 806 0.00 
124 550 0.00 
329 751 0.00 
298 557 0.00 
329 178 0.00 
312 315 0.00 
465 606 0.00 
269 732 0.00 
667 705 0.00 
212 386 0.00 
10 28 0.00 
120 997 0.00 
452 743 0.00 
15 703 0.00 
917 961 0.00 
238 460 0.01 
390 662 0.01 
32 739 0.01 
765 803 0.01 
542 607 0.01 
166 614 0.01 
24 128 0.01 
636 714 0.01 
382 458 0.01 
169 647 0.01 
41 961 0.01 
765 973 0.01 
696 843 0.01 
370 917 0.01 
296 422 0.01 
277 594 0.01 
205 255 0.01 
139 289 0.01 
175 824 0.01 
364 456 0.01 
636 771 0.01 
759 777 0.01 
915 990 0.01 
754 332 0.01 
251 696 0.01 
35 363 0.01 
172 635 0.01 
272 851 0.01 
12 934 0.01 
256 480 0.02 
803 850 0.02 
401 437 0.02 
2 294 0.02 
64 422 0.02 
114 409 0.02 
769 990 0.02 
468 637 0.02 
580 906 0.02 
397 449 0.02 
133 293 0.02 
142 927 0.02 
13 657 0.02 
73 327 0.02 
61 185 0.02 
409 622 0.02 
134 274 0.02 
74 829 0.02 
579 684 0.02 
318 488 0.02 
172 597 0.02 
22 59 0.02 
107 475 0.02 
961 998 0.02 
685 771 0.02 
530 787 0.02 
356 997 0.02 
71 689 0.02 
108 617 0.02 
414 494 0.02 
299 364 0.02 
357 823 0.02 
697 791 0.03 
386 941 0.03 
445 492 0.03 
502 800 0.03 
306 428 0.03 
256 564 0.03 
96 519 0.03 
568 683 0.03 
712 783 0.03 
348 815 0.03 
126 876 0.03 
494 989 0.03 
356 585 0.03 
844 998 0.03 
277 432 0.03 
636 750 0.03 
307 401 0.03 
89 359 0.03 
21 517 0.03 
379 942 0.03 
92 148 0.03 
42 572 0.03 
300 709 0.03 
37 532 0.03 
499 819 0.03 
212 275 0.03 
541 798 0.04 
355 482 0.04 
275 621 0.04 
167 949 0.04 
252 770 0.04 
321 592 0.04 
125 295 0.04 
627 953 0.04 
372 770 0.04 
679 914 0.04 
96 535 0.04 
511 825 0.04 
717 914 0.04 
626 996 0.04 
969 998 0.04 
716 384 0.04 
360 835 0.04 
231 391 0.04 
93 173 0.04 
323 907 0.04 
316 624 0.04 
675 909 0.05 
523 424 0.05 
148 578 0.05 
689 857 0.05 
208 369 0.05 
84 253 0.05 
81 353 0.05 
4 205 0.05 
22 407 0.05 
98 774 0.05 
238 478 0.05 
155 244 0.05 
38 128 0.05 
129 801 0.05 
346 739 0.05 
485 809 0.05 
218 902 0.05 
629 772 0.05 
174 294 0.05 
8 849 0.05 
260 861 0.05 
150 787 0.05 
102 988 0.06 
140 371 0.06 
62 748 0.06 
384 914 0.06 
205 249 0.06 
570 610 0.06 
215 963 0.06 
600 922 0.06 
368 512 0.06 
361 449 0.06 
287 911 0.06 
194 980 0.06 
514 679 0.06 
153 425 0.06 
4 730 0.06 
579 586 0.06 
789 883 0.06 
288 520 0.06 
554 650 0.06 
9 840 0.06 
561 660 0.06 
295 370 0.06 
505 747 0.06 
388 871 0.06 
197 239 0.06 
458 544 0.06 
453 805 0.06 
67 219 0.06 
195 361 0.06 
254 720 0.06 
224 263 0.06 
397 576 0.06 
414 890 0.06 
344 616 0.06 
224 521 0.07 
607 911 0.07 
834 848 0.07 
908 953 0.07 
70 904 0.07 
355 857 0.07 
18 459 0.07 
506 777 0.07 
98 139 0.07 
91 931 0.07 
1 369 0.07 
326 983 0.07 
581 617 0.07 
47 140 0.07 
502 981 0.07 
86 923 0.07 
137 510 0.07 
543 811 0.07 
69 716 0.07 
348 697 0.07 
134 300 0.07 
618 699 0.07 
173 699 0.07 
5 770 0.07 
501 709 0.07 
14 64 0.07 
334 939 0.07 
209 602 0.07 
339 672 0.07 
259 357 0.08 
373 767 0.08 
479 936 0.08 
240 384 0.08 
714 795 0.08 
887 997 0.08 
362 576 0.08 
161 839 0.08 
586 594 0.08 
308 825 0.08 
75 638 0.08 
10 597 0.08 
677 804 0.08 
721 835 0.08 
948 998 0.08 
38 750 0.08 
463 901 0.08 
138 536 0.08 
158 543 0.08 
420 543 0.08 
303 647 0.08 
105 265 0.08 
334 590 0.08 
395 986 0.08 
606 735 0.08 
83 360 0.08 
587 676 0.08 
225 492 0.08 
589 894 0.08 
192 636 0.08 
677 698 0.08 
265 731 0.08 
897 867 0.08 
242 469 0.08 
297 634 0.08 
252 865 0.09 
143 777 0.09 
366 666 0.09 
387 556 0.09 
356 497 0.09 
191 628 0.09 
781 923 0.09 
109 560 0.09 
9 205 0.09 
178 404 0.09 
914 986 0.09 
663 944 0.09 
205 818 0.09 
156 267 0.09 
212 746 0.09 
57 192 0.09 
660 773 0.09 
633 750 0.09 
185 874 0.09 
84 568 0.09 
669 939 0.09 
32 69 0.09 
26 355 0.10 
595 690 0.10 
421 933 0.10 
404 832 0.10 
272 511 0.10 
217 545 0.10 
391 911 0.10 
598 991 0.10 
760 921 0.10 
513 916 0.10 
193 642 0.10 
640 683 0.10 
205 562 0.10 
562 668 0.10 
225 542 0.10 
751 848 0.10 
396 653 0.10 
463 948 0.10 
706 790 0.10 
114 984 0.10 
119 586 0.11 
232 675 0.11 
548 817 0.11 
130 159 0.11 
412 438 0.11 
497 638 0.11 
248 983 0.11 
239 701 0.11 
8 953 0.11 
821 863 0.11 
896 448 0.11 
186 911 0.11 
472 532 0.11 
472 716 0.11 
298 913 0.11 
735 793 0.11 
493 736 0.11 
54 267 0.11 
76 598 0.11 
32 959 0.11 
284 574 0.11 
131 967 0.11 
799 895 0.11 
54 234 0.11 
178 601 0.11 
189 420 0.11 
78 993 0.12 
255 435 0.12 
933 572 0.12 
136 155 0.12 
89 436 0.12 
193 452 0.12 
446 635 0.12 
204 500 0.12 
250 401 0.12 
360 475 0.12 
982 694 0.12 
470 916 0.12 
440 710 0.12 
851 862 0.12 
41 310 0.12 
472 772 0.12 
166 316 0.12 
516 932 0.12 
432 797 0.12 
571 696 0.12 
5 299 0.12 
485 793 0.12 
436 754 0.12 
289 697 0.12 
208 968 0.12 
563 960 0.12 
946 430 0.12 
198 287 0.12 
444 966 0.12 
219 256 0.12 
768 922 0.12 
171 465 0.13 
684 766 0.13 
130 708 0.13 
83 388 0.13 
280 543 0.13 
143 870 0.13 
337 214 0.13 
576 909 0.13 
432 976 0.13 
266 797 0.13 
43 466 0.13 
210 587 0.13 
23 265 0.13 
136 599 0.13 
242 423 0.13 
399 824 0.13 
60 942 0.13 
100 250 0.13 
254 285 0.13 
145 453 0.13 
499 564 0.13 
459 920 0.13 
160 666 0.13 
416 967 0.13 
794 833 0.13 
200 621 0.14 
124 541 0.14 
180 998 0.14 
667 748 0.14 
273 817 0.14 
486 812 0.14 
477 614 0.14 
337 463 0.14 
653 540 0.14 
129 521 0.14 
127 162 0.14 
527 891 0.14 
342 927 0.14 
7 821 0.14 
137 512 0.14 
958 995 0.14 
42 872 0.14 
116 123 0.14 
98 141 0.14 
69 163 0.14 
146 505 0.14 
115 355 0.14 
13 541 0.14 
414 530 0.14 
361 864 0.14 
410 853 0.14 
634 943 0.14 
250 69 0.14 
673 776 0.14 
416 673 0.14 
349 698 0.14 
377 975 0.14 
601 952 0.14 
601 706 0.14 
817 990 0.14 
123 311 0.14 
245 496 0.14 
381 395 0.15 
362 925 0.15 
325 369 0.15 
454 636 0.15 
159 625 0.15 
51 479 0.15 
31 387 0.15 
167 620 0.15 
454 966 0.15 
212 665 0.15 
278 894 0.15 
174 617 0.15 
641 901 0.15 
393 615 0.15 
61 787 0.15 
67 665 0.15 
229 668 0.16 
649 869 0.16 
241 599 0.16 
155 830 0.16 
337 455 0.16 
276 643 0.16 
354 651 0.16 
209 761 0.16 
453 962 0.16 
610 863 0.16 
257 985 0.16 
244 473 0.16 
791 805 0.16 
116 802 0.16 
253 695 0.16 
279 982 0.16 
588 736 0.16 
222 255 0.16 
583 826 0.16 
595 756 0.16 
28 621 0.16 
112 682 0.16 
136 715 0.16 
15 669 0.17 
142 438 0.17 
482 780 0.17 
666 937 0.17 
321 497 0.17 
151 505 0.17 
261 816 0.17 
258 662 0.17 
47 787 0.17 
722 846 0.17 
129 654 0.17 
173 474 0.17 
680 828 0.17 
178 532 0.17 
344 879 0.17 
66 221 0.17 
76 175 0.17 
944 950 0.17 
69 591 0.17 
216 962 0.17 
64 113 0.17 
570 330 0.17 
30 738 0.17 
65 620 0.17 
966 244 0.17 
199 706 0.17 
811 855 0.17 
265 893 0.18 
297 361 0.18 
710 755 0.18 
149 207 0.18 
554 838 0.18 
6 45 0.18 
37 314 0.18 
466 921 0.18 
610 997 0.18 
271 688 0.18 
782 977 0.18 
444 570 0.18 
450 897 0.18 
741 945 0.18 
203 666 0.18 
175 403 0.18 
156 602 0.18 
135 639 0.18 
739 879 0.18 
34 345 0.18 
180 687 0.18 
127 554 0.18 
189 476 0.18 
719 752 0.18 
228 883 0.18 
409 890 0.18 
268 648 0.18 
534 718 0.18 
54 856 0.18 
447 774 0.18 
614 840 0.18 
921 978 0.18 
318 737 0.18 
489 586 0.18 
464 727 0.18 
898 788 0.18 
65 916 0.19 
37 203 0.19 
795 837 0.19 
184 612 0.19 
112 440 0.19 
192 466 0.19 
105 434 0.19 
130 547 0.19 
497 586 0.19 
156 577 0.19 
133 370 0.19 
66 599 0.19 
497 883 0.19 
18 475 0.19 
552 561 0.19 
404 721 0.19 
492 608 0.19 
407 848 0.19 
276 938 0.19 
51 955 0.20 
32 200 0.20 
290 806 0.20 
7 756 0.20 
169 957 0.20 
50 822 0.20 
89 157 0.20 
623 884 0.20 
361 810 0.20 
146 980 0.20 
110 569 0.20 
473 630 0.20 
797 861 0.20 
365 623 0.20 
497 578 0.20 
418 426 0.20 
778 784 0.20 
134 571 0.20 
89 123 0.20 
152 813 0.20 
66 324 0.20 
806 913 0.20 
448 636 0.20 
165 464 0.20 
658 823 0.20 
502 902 0.20 
81 756 0.20 
983 12 0.20 
18 840 0.20 
467 931 0.21 
60 215 0.21 
341 370 0.21 
664 809 0.21 
235 858 0.21 
144 902 0.21 
134 527 0.21 
318 679 0.21 
611 923 0.21 
501 918 0.21 
391 477 0.21 
176 300 0.21 
164 262 0.21 
186 994 0.21 
215 500 0.21 
371 983 0.21 
369 864 0.21 
630 713 0.21 
278 355 0.21 
920 553 0.21 
77 542 0.21 
143 755 0.21 
514 947 0.21 
656 694 0.21 
11 132 0.21 
340 762 0.21 
31 206 0.21 
129 439 0.21 
98 893 0.21 
568 785 0.21 
657 947 0.21 
252 993 0.21 
59 740 0.21 
52 182 0.21 
423 814 0.22 
390 443 0.22 
576 797 0.22 
450 969 0.22 
906 568 0.22 
658 986 0.22 
139 939 0.22 
368 888 0.22 
799 853 0.22 
544 579 0.22 
230 528 0.22 
379 973 0.22 
494 938 0.22 
292 721 0.22 
957 967 0.22 
189 312 0.22 
721 968 0.22 
54 84 0.22 
326 529 0.22 
520 807 0.22 
628 766 0.22 
160 339 0.22 
703 876 0.22 
645 63 0.22 
298 674 0.22 
307 849 0.22 
837 993 0.22 
788 923 0.22 
818 987 0.23 
449 906 0.23 
67 620 0.23 
402 470 0.23 
936 986 0.23 
882 920 0.23 
236 777 0.23 
421 775 0.23 
123 735 0.23 
55 876 0.23 
168 708 0.23 
172 529 0.23 
663 909 0.23 
321 332 0.23 
185 600 0.23 
175 696 0.23 
225 851 0.23 
284 793 0.23 
279 906 0.23 
6 432 0.23 
14 688 0.23 
200 455 0.23 
298 442 0.23 
48 442 0.23 
322 790 0.23 
73 547 0.23 
534 639 0.23 
318 860 0.23 
649 982 0.23 
335 818 0.23 
187 828 0.23 
280 822 0.23 
244 385 0.23 
98 909 0.24 
284 478 0.24 
246 728 0.24 
389 882 0.24 
729 976 0.24 
546 872 0.24 
48 109 0.24 
439 816 0.24 
76 613 0.24 
92 431 0.24 
68 268 0.24 
194 765 0.24 
239 760 0.24 
125 924 0.24 
498 749 0.24 
387 848 0.24 
54 567 0.24 
985 957 0.24 
825 970 0.24 
64 684 0.25 
734 776 0.25 
162 896 0.25 
698 961 0.25 
553 826 0.25 
172 745 0.25 
56 194 0.25 
95 536 0.25 
430 961 0.25 
877 912 0.25 
244 979 0.25 
74 342 0.25 
490 658 0.25 
158 290 0.25 
289 744 0.25 
26 490 0.25 
81 827 0.25 
804 992 0.25 
99 442 0.25 
114 927 0.25 
548 763 0.25 
778 945 0.26 
805 820 0.26 
778 895 0.26 
769 976 0.26 
313 648 0.26 
56 898 0.26 
918 269 0.26 
399 719 0.26 
327 431 0.26 
167 931 0.26 
42 940 0.26 
208 613 0.26 
194 243 0.26 
97 583 0.26 
623 710 0.27 
558 697 0.27 
449 647 0.27 
139 813 0.27 
652 679 0.27 
971 1000 0.27 
493 912 0.27 
103 612 0.27 
550 767 0.27 
540 605 0.27 
336 415 0.27 
422 427 0.27 
550 725 0.27 
343 451 0.27 
151 337 0.27 
46 376 0.27 
365 767 0.27 
402 559 0.27 
48 292 0.27 
520 848 0.27 
596 793 0.27 
153 404 0.27 
418 874 0.27 
851 1000 0.27 
33 346 0.28 
742 986 0.28 
546 934 0.28 
666 886 0.28 
251 895 0.28 
436 866 0.28 
196 971 0.28 
189 612 0.28 
929 988 0.28 
457 517 0.28 
173 524 0.28 
148 816 0.28 
464 648 0.28 
86 905 0.28 
129 498 0.29 
535 821 0.29 
193 517 0.29 
76 393 0.29 
344 892 0.29 
841 996 0.29 
287 555 0.29 
510 596 0.29 
237 946 0.29 
397 525 0.29 
32 270 0.29 
53 284 0.29 
233 409 0.29 
245 704 0.29 
722 736 0.29 
122 328 0.29 
26 782 0.29 
845 937 0.30 
35 730 0.30 
617 693 0.30 
467 964 0.30 
112 743 0.30 
523 559 0.30 
110 841 0.30 
168 885 0.30 
174 311 0.30 
105 711 0.31 
149 859 0.31 
383 533 0.31 
406 870 0.31 
451 898 0.31 
395 999 0.31 
84 245 0.31 
65 82 0.31 
281 309 0.31 
700 803 0.31 
281 874 0.31 
284 396 0.31 
333 512 0.32 
318 411 0.32 
339 351 0.32 
676 797 0.32 
710 727 0.32 
74 319 0.32 
375 885 0.32 
561 589 0.32 
225 565 0.32 
215 504 0.32 
186 935 0.32 
141 503 0.32 
660 783 0.32 
530 531 0.32 
188 604 0.32 
128 877 0.32 
127 230 0.33 
405 445 0.33 
437 461 0.33 
859 959 0.33 
122 504 0.33 
161 956 0.33 
334 469 0.33 
64 536 0.33 
286 822 0.33 
367 557 0.34 
4 87 0.34 
114 603 0.34 
51 383 0.34 
465 678 0.34 
42 320 0.34 
637 924 0.34 
252 900 0.34 
254 962 0.34 
471 956 0.34 
380 501 0.34 
246 271 0.34 
895 317 0.35 
676 794 0.35 
102 438 0.35 
52 504 0.35 
94 588 0.35 
583 680 0.35 
144 922 0.35 
461 907 0.35 
110 163 0.35 
45 400 0.35 
227 844 0.36 
458 839 0.36 
155 235 0.36 
338 915 0.36 
113 549 0.36 
292 522 0.36 
629 932 0.36 
16 229 0.36 
299 518 0.36 
24 639 0.37 
827 847 0.37 
166 484 0.37 
371 604 0.37 
413 568 0.37 
1 350 0.37 
179 603 0.37 
514 378 0.37 
919 947 0.37 
34 746 0.37 
466 374 0.37 
80 476 0.37 
738 859 0.37 
628 972 0.37 
306 483 0.37 
85 580 0.37 
52 487 0.37 
93 670 0.37 
751 878 0.37 
212 443 0.38 
287 852 0.38 
49 324 0.38 
190 773 0.38 
842 875 0.38 
62 128 0.38 
20 954 0.38 
74 417 0.39 
302 815 0.39 
93 991 0.39 
264 921 0.39 
20 605 0.40 
336 873 0.40 
242 358 0.40 
635 903 0.40 
21 974 0.40 
67 836 0.40 
104 773 0.40 
88 427 0.40 
408 524 0.41 
79 437 0.41 
55 779 0.41 
441 690 0.41 
220 609 0.41 
164 175 0.41 
247 984 0.42 
132 494 0.42 
506 645 0.42 
689 707 0.42 
170 852 0.42 
181 749 0.42 
216 538 0.43 
59 808 0.43 
177 584 0.43 
207 508 0.43 
336 347 0.44 
354 936 0.44 
254 563 0.44 
484 910 0.44 
376 522 0.44 
451 764 0.45 
259 545 0.45 
428 712 0.45 
89 575 0.45 
445 486 0.46 
786 835 0.46 
371 868 0.46 
137 415 0.46 
3 503 0.46 
394 679 0.46 
147 762 0.46 
183 437 0.47 
25 741 0.47 
226 930 0.47 
51 692 0.47 
134 889 0.47 
376 831 0.47 
117 261 0.47 
58 185 0.47 
60 958 0.47 
515 834 0.47 
201 821 0.48 
52 70 0.48 
248 392 0.48 
340 908 0.49 
661 787 0.49 
258 975 0.49 
536 632 0.49 
213 647 0.49 
566 682 0.49 
417 419 0.50 
499 509 0.50 
298 593 0.50 
90 827 0.50 
27 710 0.51 
331 540 0.51 
631 938 0.51 
398 770 0.51 
796 961 0.52 
554 758 0.52 
282 678 0.53 
554 792 0.53 
537 757 0.53 
539 693 0.53 
17 661 0.53 
220 479 0.53 
686 246 0.54 
31 671 0.54 
519 842 0.54 
196 726 0.54 
429 611 0.55 
324 681 0.55 
291 665 0.55 
462 757 0.55 
582 613 0.55 
462 651 0.55 
909 928 0.56 
80 723 0.56 
106 231 0.56 
173 584 0.56 
121 966 0.57 
39 91 0.57 
495 833 0.57 
872 899 0.57 
21 433 0.57 
610 753 0.59 
72 668 0.62 
629 951 0.63 
724 870 0.64 
304 443 0.64 
40 51 0.67 
551 713 0.67 
19 933 0.68 
655 861 0.68 
411 930 0.70 
223 411 0.71 
951 154 0.72 
18 526 0.73 
481 872 0.73 
301 671 0.75 
111 291 0.75 
305 702 0.75 
659 670 0.76 
582 644 0.76 
691 851 0.78 
70 118 0.78 
276 507 0.78 
640 854 0.78 
572 926 0.79 
94 733 0.80 
254 702 0.80 
491 936 0.82 
101 863 0.85 
283 364 0.89 
115 352 0.91 
573 855 0.91 
778 881 0.92 
202 552 0.99 
29 947 0.99 
208 965 1.00 
646 784 1.03 
36 262 1.06 
211 399 1.21 
722 880 1.22 
44 315 1.29 
